522,561,537,440,1460341878.21
521,562,538,440,1460341878.33
508,561,537,440,1460341878.51
536,562,538,442,1460341878.63
517,562,537,440,1460341878.68
517,563,538,440,1460341878.87
536,561,536,440,1460341878.92
523,561,538,440,1460341879.03
498,562,537,440,1460341879.17
530,561,537,440,1460341879.22
485,561,537,440,1460341879.28
526,562,536,439,1460341879.34
551,563,536,440,1460341879.39
502,563,538,441,1460341879.45
534,561,537,441,1460341879.5
504,562,536,441,1460341879.56
519,562,537,440,1460341879.61
521,562,537,440,1460341879.7
501,560,537,441,1460341879.79
505,561,536,441,1460341880.08
499,561,536,440,1460341880.19
527,562,537,441,1460341880.31
494,562,537,440,1460341880.41
525,562,536,440,1460341880.52
534,562,537,441,1460341880.61
477,561,537,441,1460341880.67
508,562,537,440,1460341880.73
562,562,537,440,1460341880.78
497,561,537,441,1460341880.88
517,562,537,441,1460341881.04
508,561,537,440,1460341881.11
503,561,536,440,1460341881.17
503,561,537,440,1460341881.22
548,562,537,440,1460341881.28
484,561,537,439,1460341881.34
498,561,537,440,1460341881.39
518,562,536,440,1460341881.45
477,562,537,440,1460341881.53
500,563,538,440,1460341881.63
546,561,536,440,1460341881.69
494,562,537,440,1460341881.75
484,561,536,440,1460341881.84
540,561,536,441,1460341881.95
509,561,537,441,1460341882.01
534,561,538,440,1460341882.1
581,562,537,439,1460341882.16
507,561,537,441,1460341882.24
498,561,537,440,1460341882.32
523,561,537,440,1460341882.38
463,561,538,440,1460341882.46
486,561,537,438,1460341882.52
525,561,537,440,1460341882.59
484,561,538,441,1460341882.74
542,563,538,440,1460341882.83
548,561,536,440,1460341882.93
546,561,536,441,1460341883.04
533,561,538,440,1460341883.09
545,562,538,441,1460341883.18
507,561,537,441,1460341883.24
499,561,537,441,1460341883.29
530,562,537,441,1460341883.34
519,562,537,440,1460341883.4
509,562,537,440,1460341883.45
567,561,537,440,1460341883.5
539,561,537,440,1460341883.56
502,561,537,440,1460341883.67
542,562,538,441,1460341883.73
533,561,537,440,1460341883.89
480,562,538,440,1460341884.0
534,562,538,440,1460341884.09
524,561,537,439,1460341884.2
496,561,537,441,1460341884.33
508,562,538,440,1460341884.4
543,562,537,440,1460341884.52
511,562,537,441,1460341884.59
494,562,537,441,1460341884.68
536,562,537,441,1460341884.77
475,562,537,440,1460341884.88
510,561,538,441,1460341885.04
521,561,537,441,1460341885.12
549,561,538,440,1460341885.19
519,561,537,441,1460341885.26
491,561,537,440,1460341885.32
499,562,538,441,1460341885.4
526,562,538,441,1460341885.46
491,561,537,441,1460341885.53
470,562,537,441,1460341885.59
489,562,537,440,1460341885.72
544,561,537,439,1460341885.89
517,561,538,441,1460341885.98
513,561,536,439,1460341886.14
531,561,537,440,1460341886.25
530,561,537,440,1460341886.34
461,562,537,440,1460341886.43
507,562,537,440,1460341886.51
507,561,538,440,1460341886.58
552,562,537,441,1460341886.64
494,562,537,440,1460341886.72
513,561,537,441,1460341886.78
538,562,537,441,1460341886.87
502,561,537,441,1460341886.96
483,561,538,441,1460341887.03
572,561,537,440,1460341887.09
433,562,537,441,1460341887.15
555,561,537,440,1460341887.22
505,561,538,440,1460341887.28
498,562,538,441,1460341887.42
524,562,538,440,1460341887.51
485,561,537,441,1460341887.58
534,561,537,439,1460341887.66
531,561,536,440,1460341887.77
471,562,537,440,1460341887.88
515,562,538,440,1460341887.99
541,561,537,440,1460341888.08
514,560,536,440,1460341888.16
487,561,538,440,1460341888.26
537,562,537,441,1460341888.34
426,561,537,441,1460341888.43
462,561,537,440,1460341888.5
453,562,538,441,1460341888.6
486,561,537,441,1460341888.67
526,562,538,442,1460341888.74
606,562,537,440,1460341888.82
552,562,538,439,1460341889.0
466,561,537,441,1460341889.11
592,562,537,441,1460341889.17
487,561,537,440,1460341889.23
487,563,537,440,1460341889.3
520,561,538,440,1460341889.37
531,562,538,440,1460341889.43
515,561,537,440,1460341889.49
524,561,538,440,1460341889.59
487,561,537,440,1460341889.68
644,562,537,441,1460341889.78
519,562,537,440,1460341889.91
396,562,538,440,1460341890.04
548,561,536,441,1460341890.12
406,562,537,441,1460341890.25
471,561,536,441,1460341890.32
615,562,536,440,1460341890.41
491,561,537,440,1460341890.48
434,562,538,440,1460341890.54
644,562,537,440,1460341890.69
369,561,537,440,1460341890.75
456,561,537,440,1460341890.82
542,562,537,441,1460341890.87
577,562,536,440,1460341890.94
462,562,537,440,1460341891.01
494,562,537,442,1460341891.08
521,561,537,440,1460341891.14
542,562,537,441,1460341891.22
494,562,537,441,1460341891.33
529,562,537,440,1460341891.49
521,561,536,441,1460341891.59
531,562,537,440,1460341891.67
521,561,537,440,1460341891.74
462,561,536,440,1460341891.84
560,562,538,441,1460341891.91
486,562,536,439,1460341891.98
513,562,537,440,1460341892.04
535,562,537,440,1460341892.11
569,562,538,439,1460341892.18
514,562,537,441,1460341892.24
512,562,536,440,1460341892.3
522,561,537,441,1460341892.37
554,562,537,439,1460341892.45
491,562,536,440,1460341892.51
459,561,537,440,1460341892.58
557,562,537,440,1460341892.68
514,562,537,439,1460341892.74
482,562,536,441,1460341892.81
520,561,537,440,1460341892.89
496,561,536,440,1460341892.96
542,561,538,441,1460341893.04
464,562,538,440,1460341893.11
521,562,537,441,1460341893.24
573,561,538,440,1460341893.33
527,562,538,440,1460341893.4
422,561,537,440,1460341893.47
614,562,537,440,1460341893.53
541,562,538,439,1460341893.62
525,561,537,441,1460341893.73
561,563,537,441,1460341893.82
474,561,538,441,1460341893.89
513,562,538,439,1460341894.13
523,561,537,441,1460341894.3
547,562,537,441,1460341894.49
508,561,538,440,1460341894.55
506,561,537,440,1460341894.74
483,561,538,441,1460341894.84
547,561,537,440,1460341895.03
517,561,537,439,1460341895.1
530,562,537,439,1460341895.2
525,561,538,441,1460341895.28
373,560,538,443,1460341895.37
227,561,538,444,1460341895.45
484,563,542,441,1460341895.55
485,565,541,442,1460341895.65
583,564,541,441,1460341895.77
562,564,540,441,1460341895.84
275,561,539,443,1460341895.92
680,560,540,442,1460341896.03
999,559,543,435,1460341896.17
589,561,546,431,1460341896.24
0,560,544,433,1460341896.32
0,564,548,487,1460341896.56
1023,564,609,463,1460341896.65
1023,524,516,479,1460341896.71
0,535,540,478,1460341896.77
1023,548,559,442,1460341896.85
1023,560,580,407,1460341896.91
1023,554,577,419,1460341896.98
0,540,558,453,1460341897.1
1023,545,559,436,1460341897.26
1022,545,562,436,1460341897.32
213,542,560,438,1460341897.39
221,540,556,438,1460341897.45
846,540,552,439,1460341897.5
1023,542,551,437,1460341897.59
396,542,550,430,1460341897.7
483,540,545,432,1460341897.83
553,540,538,430,1460341897.95
201,540,534,428,1460341898.05
473,540,532,427,1460341898.11
640,536,526,423,1460341898.23
916,535,533,428,1460341898.33
1023,535,526,426,1460341898.4
1023,538,524,425,1460341898.46
0,537,522,428,1460341898.52
611,539,522,430,1460341898.59
689,537,522,427,1460341898.65
482,537,519,429,1460341898.71
666,537,518,425,1460341898.76
425,536,519,426,1460341898.83
660,538,520,424,1460341898.93
241,537,519,426,1460341899.01
956,537,517,424,1460341899.15
419,537,518,425,1460341899.29
706,536,517,424,1460341899.38
356,536,517,426,1460341899.47
518,536,515,426,1460341899.59
442,536,515,426,1460341899.66
578,536,515,425,1460341899.72
599,536,515,425,1460341899.79
452,535,515,424,1460341899.87
456,536,514,423,1460341899.93
548,536,514,425,1460341900.04
553,537,513,425,1460341900.17
546,536,513,424,1460341900.42
462,536,513,425,1460341900.48
532,536,513,424,1460341900.56
554,535,513,424,1460341900.68
526,536,514,426,1460341900.76
533,537,512,425,1460341900.94
488,535,513,424,1460341901.06
553,536,513,424,1460341901.15
512,535,514,425,1460341901.21
567,536,513,425,1460341901.3
561,536,513,425,1460341901.4
517,536,514,424,1460341901.47
473,535,513,423,1460341901.53
534,535,513,425,1460341901.6
559,536,513,424,1460341901.67
462,535,514,425,1460341901.73
517,535,513,425,1460341901.86
529,536,514,424,1460341901.97
480,536,514,424,1460341902.03
466,536,513,424,1460341902.12
542,536,513,424,1460341902.18
475,535,513,424,1460341902.28
536,535,513,424,1460341902.38
400,535,513,425,1460341902.53
0,536,514,422,1460341902.59
1023,538,514,420,1460341902.67
478,537,514,424,1460341902.73
527,537,515,424,1460341902.84
397,537,513,425,1460341902.92
544,536,512,428,1460341903.04
492,537,515,430,1460341903.12
620,539,520,425,1460341903.33
524,539,525,428,1460341903.5
732,540,530,427,1460341903.58
173,541,533,426,1460341903.65
383,540,535,430,1460341903.71
400,540,537,433,1460341903.77
587,541,541,433,1460341903.84
649,541,547,430,1460341903.93
301,542,549,434,1460341903.99
312,541,552,438,1460341904.08
783,541,554,436,1460341904.15
753,542,556,437,1460341904.21
307,541,557,439,1460341904.27
174,540,558,442,1460341904.34
967,541,560,437,1460341904.4
217,541,560,438,1460341904.46
541,541,561,440,1460341904.53
777,539,560,442,1460341904.63
913,539,560,439,1460341904.7
563,539,565,440,1460341904.76
414,539,562,440,1460341904.86
126,537,560,442,1460341904.92
611,541,562,442,1460341905.04
0,540,564,443,1460341905.1
169,538,559,444,1460341905.2
993,535,562,443,1460341905.3
761,534,564,438,1460341905.36
541,535,564,441,1460341905.45
0,535,571,434,1460341905.52
478,526,573,441,1460341905.59
923,528,485,425,1460341905.7
0,526,550,433,1460341905.78
1023,530,548,432,1460341905.96
0,537,502,431,1460341906.07
1023,581,523,433,1460341906.18
1023,571,511,439,1460341906.24
0,528,513,449,1460341906.47
1023,533,509,416,1460341906.56
1023,536,506,412,1460341906.63
611,534,492,415,1460341906.73
0,529,496,430,1460341906.81
846,524,486,429,1460341906.89
663,524,492,427,1460341906.95
550,524,495,425,1460341907.01
1023,527,496,420,1460341907.08
739,530,499,417,1460341907.14
0,530,506,425,1460341907.23
811,532,516,425,1460341907.34
698,536,530,420,1460341907.43
0,540,547,423,1460341907.53
368,543,556,438,1460341907.64
681,542,560,449,1460341907.75
1023,546,570,448,1460341907.83
419,547,572,450,1460341907.9
295,545,574,454,1460341907.96
605,544,577,458,1460341908.06
586,542,575,461,1460341908.15
619,544,574,461,1460341908.28
476,545,579,457,1460341908.36
429,545,578,455,1460341908.44
404,543,578,457,1460341908.56
636,542,578,459,1460341908.62
624,542,577,458,1460341908.68
456,543,579,460,1460341908.81
486,543,577,457,1460341908.89
481,541,576,459,1460341909.01
575,544,579,455,1460341909.09
612,543,579,458,1460341909.18
510,543,579,457,1460341909.27
436,543,577,455,1460341909.35
495,542,574,456,1460341909.48
532,544,576,456,1460341909.58
498,546,577,454,1460341909.67
97,547,574,457,1460341909.76
636,549,573,457,1460341909.84
772,550,569,451,1460341909.91
760,552,562,448,1460341909.99
640,552,555,442,1460341910.1
0,552,544,439,1460341910.18
492,553,540,434,1460341910.3
0,550,533,434,1460341910.4
402,551,535,435,1460341910.55
836,548,531,431,1460341910.63
1023,552,532,422,1460341910.74
0,546,533,432,1460341910.81
1023,541,521,427,1460341910.98
1023,542,522,425,1460341911.05
0,541,525,429,1460341911.12
968,543,523,426,1460341911.22
134,545,529,430,1460341911.34
1023,543,530,419,1460341911.53
0,542,527,429,1460341911.63
1022,544,526,427,1460341911.74
1023,546,522,420,1460341911.84
167,550,518,427,1460341911.91
0,544,520,428,1460341912.19
0,508,523,470,1460341912.33
231,531,517,444,1460341912.39
1023,533,515,411,1460341912.59
0,526,515,426,1460341912.69
1023,533,518,421,1460341912.82
0,539,524,424,1460341912.92
1023,550,531,420,1460341913.07
0,551,525,430,1460341913.18
0,552,521,434,1460341913.27
815,558,518,432,1460341913.41
1023,561,517,433,1460341913.49
49,563,517,437,1460341913.66
804,568,516,441,1460341913.78
373,572,516,446,1460341913.86
478,578,516,448,1460341913.97
445,579,517,450,1460341914.05
413,579,516,453,1460341914.11
524,578,517,453,1460341914.19
531,584,516,448,1460341914.3
524,582,514,451,1460341914.49
526,581,515,450,1460341915.06
525,578,515,452,1460341915.12
506,578,516,449,1460341915.22
530,579,516,448,1460341915.33
462,578,517,446,1460341915.41
452,576,518,445,1460341915.5
431,573,519,446,1460341915.59
486,573,520,447,1460341915.65
601,574,521,443,1460341915.72
713,569,523,443,1460341915.82
1017,565,525,438,1460341915.95
0,562,527,434,1460341916.04
1023,559,533,431,1460341916.27
706,555,532,433,1460341916.42
1023,553,534,429,1460341916.52
0,547,532,433,1460341916.61
713,545,529,431,1460341916.68
852,545,527,431,1460341916.76
362,541,528,433,1460341916.87
1023,542,527,429,1460341916.99
463,543,528,430,1460341917.1
784,543,528,427,1460341917.19
391,543,529,427,1460341917.27
349,542,527,430,1460341917.38
770,542,527,428,1460341917.47
559,543,528,428,1460341917.58
472,543,528,429,1460341917.68
538,542,527,428,1460341917.79
565,543,527,428,1460341917.89
447,543,527,429,1460341917.96
635,543,528,428,1460341918.06
429,543,528,429,1460341918.25
593,543,528,428,1460341918.39
463,542,528,429,1460341918.49
559,543,528,429,1460341918.58
514,542,528,429,1460341918.66
533,542,528,427,1460341918.74
479,542,528,429,1460341918.82
474,543,529,430,1460341918.92
520,543,528,429,1460341919.02
539,543,528,428,1460341919.12
482,543,528,429,1460341919.2
527,543,528,429,1460341919.29
544,543,528,429,1460341919.43
515,543,528,428,1460341919.52
531,544,528,429,1460341919.65
531,543,528,430,1460341919.75
581,542,528,429,1460341919.82
446,544,528,429,1460341919.92
560,543,528,429,1460341920.07
516,543,528,429,1460341920.23
528,542,528,428,1460341920.35
610,543,528,430,1460341920.45
538,543,527,429,1460341920.62
504,542,530,429,1460341920.75
597,543,528,428,1460341920.97
452,543,528,428,1460341921.09
570,542,528,429,1460341921.19
538,543,528,428,1460341921.26
463,542,528,428,1460341921.37
503,542,528,428,1460341921.44
582,542,528,428,1460341921.52
476,542,529,430,1460341921.58
528,542,528,428,1460341921.71
537,543,529,428,1460341921.77
522,543,529,429,1460341921.9
537,543,528,429,1460341921.97
480,542,529,429,1460341922.08
533,543,529,428,1460341922.18
496,543,528,428,1460341922.25
478,542,528,428,1460341922.31
586,543,529,428,1460341922.38
500,543,527,429,1460341922.45
490,542,528,428,1460341922.51
522,543,528,430,1460341922.58
448,544,528,429,1460341922.73
462,544,529,429,1460341922.81
566,543,528,429,1460341922.91
476,542,529,429,1460341923.01
488,544,528,428,1460341923.08
557,542,528,428,1460341923.21
529,542,529,429,1460341923.34
534,542,528,427,1460341923.4
515,542,529,430,1460341923.49
484,542,528,429,1460341923.55
548,542,528,429,1460341923.66
477,542,528,429,1460341924.16
487,542,528,428,1460341924.22
545,542,528,428,1460341924.29
517,543,529,429,1460341924.35
472,542,528,428,1460341924.43
615,543,529,429,1460341924.5
494,542,528,429,1460341924.56
459,542,528,429,1460341924.64
523,542,529,430,1460341924.78
493,543,528,429,1460341924.91
543,542,529,428,1460341924.97
506,543,528,428,1460341925.05
550,543,528,430,1460341925.18
458,542,529,429,1460341925.24
551,543,528,428,1460341925.4
521,543,528,429,1460341925.49
547,542,529,429,1460341925.63
505,543,528,429,1460341925.7
522,542,529,428,1460341925.78
520,542,528,428,1460341925.88
550,542,528,428,1460341925.99
526,543,528,429,1460341926.11
547,542,528,428,1460341926.18
493,543,528,429,1460341926.29
493,542,528,428,1460341926.35
519,543,529,429,1460341926.41
516,542,529,428,1460341926.47
492,542,528,429,1460341926.55
585,542,529,429,1460341926.61
514,542,529,428,1460341926.69
557,542,528,429,1460341926.8
469,542,528,429,1460341926.95
561,542,529,428,1460341927.06
462,543,528,429,1460341927.17
541,543,529,428,1460341927.28
458,543,529,428,1460341927.38
529,542,529,428,1460341927.5
563,543,529,429,1460341927.56
495,542,529,430,1460341927.64
511,542,528,428,1460341927.74
526,543,529,429,1460341927.82
455,543,528,427,1460341927.92
578,542,529,428,1460341929.04
479,542,529,429,1460341929.12
521,543,529,428,1460341929.23
567,542,529,429,1460341929.29
308,542,529,428,1460341929.36
622,543,528,429,1460341929.43
532,543,529,429,1460341929.49
495,542,528,429,1460341929.56
827,543,529,427,1460341929.67
309,542,528,430,1460341929.78
738,542,528,429,1460341929.87
351,542,529,428,1460341929.99
599,542,529,428,1460341930.18
441,542,528,429,1460341930.29
571,542,529,428,1460341930.39
518,542,528,427,1460341930.45
496,542,529,429,1460341930.51
500,543,529,429,1460341930.58
563,543,529,428,1460341930.68
519,543,529,428,1460341930.78
482,542,529,429,1460341930.88
490,542,528,429,1460341930.97
511,543,529,429,1460341931.02
473,542,528,429,1460341931.09
549,542,528,428,1460341931.17
506,542,528,428,1460341931.25
481,542,528,429,1460341931.31
534,542,528,428,1460341931.4
509,543,529,429,1460341931.53
523,543,528,429,1460341931.63
497,542,528,428,1460341931.72
488,541,528,429,1460341931.78
555,542,528,428,1460341931.89
516,541,528,428,1460341931.95
482,543,527,429,1460341932.08
539,543,528,429,1460341932.19
499,542,529,428,1460341932.29
539,542,528,429,1460341932.35
444,542,528,429,1460341932.45
551,542,528,430,1460341932.61
467,542,528,429,1460341932.7
516,543,528,428,1460341932.79
537,542,529,428,1460341932.89
507,542,528,429,1460341932.95
529,542,528,428,1460341933.04
500,543,528,428,1460341933.25
533,542,528,428,1460341933.37
571,543,529,429,1460341933.45
537,543,529,429,1460341933.68
495,543,529,429,1460341933.74
479,542,528,429,1460341933.98
535,542,529,429,1460341934.07
476,542,528,428,1460341934.17
526,542,528,429,1460341934.26
546,542,528,428,1460341934.33
486,542,528,429,1460341934.4
498,543,528,428,1460341934.48
527,542,529,429,1460341934.54
475,542,528,428,1460341934.62
513,542,529,427,1460341934.68
392,541,528,428,1460341934.82
585,542,528,428,1460341934.92
539,543,528,428,1460341934.99
503,543,529,430,1460341935.06
505,543,529,429,1460341935.13
483,542,528,429,1460341935.21
482,543,529,429,1460341935.29
555,542,529,429,1460341935.36
517,543,529,429,1460341935.42
445,542,528,429,1460341935.49
545,544,529,429,1460341935.56
610,542,528,429,1460341935.61
489,542,528,428,1460341935.68
485,543,528,429,1460341935.74
567,543,528,429,1460341935.83
493,543,527,428,1460341935.93
527,543,528,428,1460341936.09
438,542,528,428,1460341936.22
547,542,529,429,1460341936.29
533,542,528,429,1460341936.36
481,542,529,429,1460341936.44
530,543,528,429,1460341936.52
477,542,529,428,1460341936.66
551,543,529,428,1460341936.76
532,542,528,428,1460341936.83
450,543,528,429,1460341936.94
536,543,528,428,1460341937.09
500,542,528,429,1460341937.17
499,543,528,429,1460341937.24
510,542,528,428,1460341937.35
493,543,528,429,1460341937.44
592,543,528,428,1460341937.55
475,543,528,429,1460341937.66
570,542,528,429,1460341937.73
490,544,529,429,1460341937.82
513,542,529,429,1460341937.89
477,543,528,429,1460341938.16
509,542,528,428,1460341938.25
486,542,528,428,1460341938.35
487,543,528,429,1460341938.44
502,543,528,429,1460341938.49
541,542,528,429,1460341938.56
486,542,528,428,1460341938.63
501,542,529,429,1460341938.69
506,542,528,427,1460341938.75
576,543,528,429,1460341938.81
453,541,528,428,1460341938.9
528,542,527,429,1460341938.99
498,542,528,429,1460341939.08
466,542,529,428,1460341939.14
562,542,529,428,1460341939.2
486,541,527,428,1460341939.26
536,543,529,429,1460341939.35
475,543,529,428,1460341939.45
535,543,528,428,1460341939.51
589,543,529,429,1460341939.6
493,542,528,428,1460341939.68
525,542,529,428,1460341939.75
488,542,529,428,1460341939.85
528,542,527,429,1460341939.91
520,542,529,427,1460341940.04
518,542,528,429,1460341940.09
515,542,529,429,1460341940.16
477,543,529,429,1460341940.22
521,543,529,428,1460341940.29
488,542,528,428,1460341940.36
493,542,529,429,1460341940.42
541,542,528,428,1460341940.48
473,542,528,429,1460341940.54
512,543,529,430,1460341940.6
540,542,529,428,1460341940.67
471,542,528,430,1460341940.8
532,542,528,429,1460341940.9
525,543,528,429,1460341940.96
498,542,529,429,1460341941.04
461,542,528,429,1460341941.13
606,543,529,428,1460341941.23
508,542,528,428,1460341941.31
525,542,528,428,1460341941.4
532,542,529,428,1460341941.51
445,542,528,429,1460341941.58
520,542,528,428,1460341941.66
550,542,528,428,1460341941.73
479,544,529,430,1460341941.81
464,542,528,429,1460341941.86
591,542,528,427,1460341941.93
470,542,528,428,1460341942.05
600,542,529,428,1460341942.13
459,542,529,429,1460341942.24
538,542,527,429,1460341942.32
498,541,529,429,1460341942.43
547,542,528,429,1460341942.5
497,543,529,429,1460341942.57
414,543,529,426,1460341942.65
641,541,530,431,1460341942.76
580,542,528,429,1460341942.86
484,541,528,429,1460341943.02
687,542,529,428,1460341943.09
477,541,529,428,1460341943.22
463,541,529,428,1460341943.29
585,541,529,428,1460341943.36
488,541,529,429,1460341943.49
476,540,528,429,1460341943.56
528,541,528,428,1460341943.69
528,540,528,429,1460341943.8
513,541,529,428,1460341943.89
566,541,528,428,1460341943.99
476,540,528,427,1460341944.09
572,541,529,428,1460341944.16
566,541,529,428,1460341944.22
491,541,527,427,1460341944.28
474,540,528,428,1460341944.34
573,541,529,428,1460341944.4
546,541,528,427,1460341944.45
486,541,529,428,1460341944.5
494,541,528,428,1460341944.57
521,541,528,428,1460341944.63
501,541,528,429,1460341944.81
518,541,528,428,1460341944.92
497,541,528,427,1460341945.02
554,542,528,429,1460341945.18
449,541,529,428,1460341945.25
510,541,528,427,1460341945.31
635,541,529,429,1460341945.43
564,541,528,428,1460341945.6
482,541,528,428,1460341945.69
494,541,529,428,1460341945.76
538,541,528,428,1460341945.84
537,541,528,428,1460341945.98
495,541,529,428,1460341946.04
465,540,528,428,1460341946.16
490,541,528,428,1460341946.27
541,540,528,428,1460341946.43
524,541,529,428,1460341946.52
562,541,529,428,1460341946.65
508,541,528,427,1460341946.8
504,539,528,428,1460341946.93
537,541,528,428,1460341947.04
513,541,529,428,1460341947.13
460,540,529,427,1460341947.19
570,540,529,429,1460341947.34
493,540,529,428,1460341947.39
508,541,528,428,1460341947.5
494,540,528,429,1460341947.61
482,540,529,428,1460341947.71
564,540,528,427,1460341947.81
516,540,528,427,1460341947.91
464,541,528,428,1460341947.98
597,541,529,428,1460341948.07
506,540,530,427,1460341948.22
513,540,528,427,1460341948.28
463,540,529,428,1460341948.38
526,541,528,428,1460341948.52
478,540,529,427,1460341948.64
559,541,528,428,1460341948.72
458,541,529,428,1460341949.04
565,541,529,428,1460341949.12
349,540,529,429,1460341949.22
700,540,529,428,1460341949.33
505,540,529,429,1460341949.42
576,541,529,427,1460341949.65
429,541,529,428,1460341949.72
424,540,529,427,1460341949.93
532,540,528,428,1460341950.04
478,541,528,428,1460341950.14
533,540,527,428,1460341950.21
488,541,528,428,1460341950.35
502,542,527,427,1460341950.45
552,540,528,427,1460341950.54
530,541,529,428,1460341950.65
545,539,529,428,1460341950.73
409,540,527,428,1460341950.86
540,540,527,429,1460341950.93
582,541,528,428,1460341951.01
406,541,529,427,1460341951.1
541,541,527,429,1460341951.18
538,541,528,427,1460341951.28
411,540,528,428,1460341951.36
603,540,529,428,1460341951.45
521,541,528,427,1460341951.51
436,541,529,428,1460341951.57
609,540,528,428,1460341951.67
516,541,528,429,1460341951.75
486,541,528,428,1460341951.85
513,540,528,428,1460341951.92
532,541,529,427,1460341951.98
539,541,528,428,1460341952.06
531,540,529,428,1460341952.11
500,541,528,427,1460341952.19
323,541,529,428,1460341952.26
70,541,528,432,1460341952.32
1023,543,529,426,1460341952.39
175,541,527,428,1460341952.46
353,541,528,429,1460341952.56
817,543,530,428,1460341952.63
612,542,529,428,1460341952.7
328,542,528,427,1460341952.77
467,542,528,430,1460341952.84
551,542,527,429,1460341952.9
611,541,527,428,1460341952.97
408,541,528,427,1460341953.04
437,542,529,429,1460341953.11
528,542,529,429,1460341953.17
559,542,528,428,1460341953.23
467,541,529,429,1460341953.31
477,541,528,429,1460341953.38
575,542,528,429,1460341953.44
540,542,528,429,1460341954.52
484,541,528,428,1460341954.66
524,542,529,428,1460341954.74
501,541,528,428,1460341954.86
530,541,529,429,1460341954.97
506,541,528,430,1460341955.04
499,542,529,428,1460341955.12
476,541,528,429,1460341955.21
545,542,529,428,1460341955.27
509,542,528,428,1460341955.43
512,542,529,428,1460341955.49
538,542,528,428,1460341955.56
523,541,528,428,1460341955.64
513,542,529,429,1460341955.76
500,541,529,429,1460341955.85
546,541,529,428,1460341955.9
526,541,528,428,1460341955.99
460,542,529,428,1460341956.07
473,541,527,428,1460341956.14
605,541,528,428,1460341956.21
305,541,528,430,1460341956.29
712,542,528,429,1460341956.38
618,541,529,428,1460341956.46
431,542,530,428,1460341956.52
464,540,530,429,1460341956.59
534,541,529,427,1460341956.7
414,539,530,428,1460341956.79
558,541,530,429,1460341956.87
557,541,529,427,1460341956.95
563,540,529,428,1460341957.03
475,540,530,429,1460341957.1
